tensor([[[[ 0.0000e+00,  8.4147e-01,  9.0930e-01,  ..., -6.6363e-01,
           -9.8803e-01, -4.0404e-01],
          [ 0.0000e+00,  8.4147e-01,  9.0930e-01,  ..., -6.6363e-01,
           -9.8803e-01, -4.0404e-01],
          [ 0.0000e+00,  8.4147e-01,  9.0930e-01,  ..., -6.6363e-01,
           -9.8803e-01, -4.0404e-01],
          ...,
          [ 0.0000e+00,  8.4147e-01,  9.0930e-01,  ..., -6.6363e-01,
           -9.8803e-01, -4.0404e-01],
          [ 0.0000e+00,  8.4147e-01,  9.0930e-01,  ..., -6.6363e-01,
           -9.8803e-01, -4.0404e-01],
          [ 0.0000e+00,  8.4147e-01,  9.0930e-01,  ..., -6.6363e-01,
           -9.8803e-01, -4.0404e-01]],

         [[ 1.0000e+00,  1.0000e+00,  1.0000e+00,  ...,  1.0000e+00,
            1.0000e+00,  1.0000e+00],
          [ 5.4030e-01,  5.4030e-01,  5.4030e-01,  ...,  5.4030e-01,
            5.4030e-01,  5.4030e-01],
          [-4.1615e-01, -4.1615e-01, -4.1615e-01,  ..., -4.1615e-01,
           -4.1615e-01, -4.1615e-01],
          ...,
          [-7.4806e-01, -7.4806e-01, -7.4806e-01,  ..., -7.4806e-01,
           -7.4806e-01, -7.4806e-01],
          [ 1.5425e-01,  1.5425e-01,  1.5425e-01,  ...,  1.5425e-01,
            1.5425e-01,  1.5425e-01],
          [ 9.1474e-01,  9.1474e-01,  9.1474e-01,  ...,  9.1474e-01,
            9.1474e-01,  9.1474e-01]],

         [[ 0.0000e+00,  7.6172e-01,  9.8705e-01,  ..., -1.9775e-02,
            7.4876e-01,  9.9003e-01],
          [ 0.0000e+00,  7.6172e-01,  9.8705e-01,  ..., -1.9775e-02,
            7.4876e-01,  9.9003e-01],
          [ 0.0000e+00,  7.6172e-01,  9.8705e-01,  ..., -1.9775e-02,
            7.4876e-01,  9.9003e-01],
          ...,
          [ 0.0000e+00,  7.6172e-01,  9.8705e-01,  ..., -1.9775e-02,
            7.4876e-01,  9.9003e-01],
          [ 0.0000e+00,  7.6172e-01,  9.8705e-01,  ..., -1.9775e-02,
            7.4876e-01,  9.9003e-01],
          [ 0.0000e+00,  7.6172e-01,  9.8705e-01,  ..., -1.9775e-02,
            7.4876e-01,  9.9003e-01]],

         ...,

         [[ 1.0000e+00,  1.0000e+00,  1.0000e+00,  ...,  1.0000e+00,
            1.0000e+00,  1.0000e+00],
          [ 1.0000e+00,  1.0000e+00,  1.0000e+00,  ...,  1.0000e+00,
            1.0000e+00,  1.0000e+00],
          [ 1.0000e+00,  1.0000e+00,  1.0000e+00,  ...,  1.0000e+00,
            1.0000e+00,  1.0000e+00],
          ...,
          [ 9.9999e-01,  9.9999e-01,  9.9999e-01,  ...,  9.9999e-01,
            9.9999e-01,  9.9999e-01],
          [ 9.9999e-01,  9.9999e-01,  9.9999e-01,  ...,  9.9999e-01,
            9.9999e-01,  9.9999e-01],
          [ 9.9999e-01,  9.9999e-01,  9.9999e-01,  ...,  9.9999e-01,
            9.9999e-01,  9.9999e-01]],

         [[ 0.0000e+00,  1.1548e-04,  2.3096e-04,  ...,  3.3489e-03,
            3.4643e-03,  3.5798e-03],
          [ 0.0000e+00,  1.1548e-04,  2.3096e-04,  ...,  3.3489e-03,
            3.4643e-03,  3.5798e-03],
          [ 0.0000e+00,  1.1548e-04,  2.3096e-04,  ...,  3.3489e-03,
            3.4643e-03,  3.5798e-03],
          ...,
          [ 0.0000e+00,  1.1548e-04,  2.3096e-04,  ...,  3.3489e-03,
            3.4643e-03,  3.5798e-03],
          [ 0.0000e+00,  1.1548e-04,  2.3096e-04,  ...,  3.3489e-03,
            3.4643e-03,  3.5798e-03],
          [ 0.0000e+00,  1.1548e-04,  2.3096e-04,  ...,  3.3489e-03,
            3.4643e-03,  3.5798e-03]],

         [[ 1.0000e+00,  1.0000e+00,  1.0000e+00,  ...,  1.0000e+00,
            1.0000e+00,  1.0000e+00],
          [ 1.0000e+00,  1.0000e+00,  1.0000e+00,  ...,  1.0000e+00,
            1.0000e+00,  1.0000e+00],
          [ 1.0000e+00,  1.0000e+00,  1.0000e+00,  ...,  1.0000e+00,
            1.0000e+00,  1.0000e+00],
          ...,
          [ 9.9999e-01,  9.9999e-01,  9.9999e-01,  ...,  9.9999e-01,
            9.9999e-01,  9.9999e-01],
          [ 9.9999e-01,  9.9999e-01,  9.9999e-01,  ...,  9.9999e-01,
            9.9999e-01,  9.9999e-01],
          [ 9.9999e-01,  9.9999e-01,  9.9999e-01,  ...,  9.9999e-01,
            9.9999e-01,  9.9999e-01]]]])